2.678090426588305428e-01
2.952778277619514946e-01
1.274385600510039018e-01
1.144503064723830094e-01
9.875322252975227144e-02
8.836756098455715580e-02
8.784279304464864824e-02
8.377114725854112320e-02
8.014174940672563752e-02
7.217634527176773618e-02
7.065639594675962587e-02
6.964836713563593573e-02
6.295979949476805670e-02
5.907938270371194955e-02
5.522169597408314173e-02
5.371508820686932834e-02
4.682738546262750490e-02
3.923159189174829642e-02
3.358514815414508081e-02
3.397551225257043617e-02
3.159132646155481117e-02
2.787693794527202132e-02
2.784432524844154822e-02
2.294006742961665971e-02
2.542555023351481328e-02
2.092351567559909420e-02
2.421048021069462444e-02
1.818059021944826506e-02
1.837626640043110715e-02
2.085186656892608695e-02
2.406817026088892489e-02
8.246120393585046338e-02
